item <- c(110,118,130,140,142,146,112,100,95,98,96,122,123,124,130)
n <- 15
var <- 300
a <- 5/100

